<?xml version="1.0"?>
<opencv_storage>
<Intrinsics type_id="opencv-matrix">
  <rows>3</rows>
  <cols>3</cols>
  <dt>f</dt>
  <data>
    1.59244409e+003 0. 223.61462402 0. 1.62104907e+003 -39.23768616 0.
    0. 1.</data></Intrinsics>
</opencv_storage>
